# Cycle: 34999, status: ACC, move: None
#     Time      Potential        Kinetic
         0            nan            nan            nan            nan
         1            nan            nan            nan            nan
         2            nan            nan            nan            nan
         3            nan            nan            nan            nan
         4            nan            nan            nan            nan
         5            nan            nan            nan            nan
         6            nan            nan            nan            nan
         7            nan            nan            nan            nan
         8            nan            nan            nan            nan
         9            nan            nan            nan            nan
        10            nan            nan            nan            nan
        11            nan            nan            nan            nan
        12            nan            nan            nan            nan
        13            nan            nan            nan            nan
        14            nan            nan            nan            nan
        15            nan            nan            nan            nan
        16            nan            nan            nan            nan
        17   -4237.994400     843.425360            nan            nan
        18   -4239.142700     844.159240            nan            nan
        19   -4240.185300     845.435180            nan            nan
        20   -4235.408200     840.538930            nan            nan
        21   -4247.819400     853.002920            nan            nan
        22   -4236.033200     841.251000            nan            nan
        23   -4239.518200     844.935750            nan            nan
        24   -4242.177500     847.335790            nan            nan
        25   -4242.547800     847.863260            nan            nan
        26   -4237.496400     842.982910            nan            nan
        27   -4235.983000     841.226290            nan            nan
        28   -4245.483900     850.391930            nan            nan
        29   -4229.204500     834.577920            nan            nan
        30   -4239.166200     844.426690            nan            nan
        31   -4246.610300     851.854560            nan            nan
        32   -4239.565000     844.958870            nan            nan
        33   -4240.643700     846.033350            nan            nan
        34   -4246.710800     851.778980            nan            nan
        35   -4246.027800     851.195470            nan            nan
        36   -4241.854900     847.317320            nan            nan
        37   -4241.741400     846.973050            nan            nan
        38   -4237.497400     842.831230            nan            nan
        39   -4240.125500     845.243900            nan            nan
        40   -4239.318200     844.483840            nan            nan
        41   -4235.697100     841.260660            nan            nan
        42   -4235.330200     840.934900            nan            nan
        43   -4236.354200     841.812720            nan            nan
        44   -4236.861100     841.964060            nan            nan
        45   -4238.452600     843.796930            nan            nan
        46   -4241.794800     847.128230            nan            nan
        47   -4244.361600     849.458000            nan            nan
        48   -4235.584900     840.801820            nan            nan
        49   -4237.764700     843.306110            nan            nan
        50   -4242.172800     847.599800            nan            nan
        51   -4239.762800     844.745120            nan            nan
        52   -4243.663100     849.015190            nan            nan
        53   -4240.234700     845.608040            nan            nan
        54   -4238.735100     843.776640            nan            nan
        55   -4241.166800     846.354690            nan            nan
        56   -4232.275400     837.838220            nan            nan
        57   -4235.451700     840.850670            nan            nan
        58   -4245.084400     850.446270            nan            nan
        59   -4241.716000     847.152520            nan            nan
        60   -4242.606800     848.055010            nan            nan
        61   -4244.067400     849.433680            nan            nan
        62   -4243.487700     848.841680            nan            nan
        63   -4241.916800     847.463790            nan            nan
        64   -4241.999100     847.083080            nan            nan
        65   -4245.313600     850.344760            nan            nan
        66   -4243.392100     848.601150            nan            nan
        67   -4239.689500     844.712860            nan            nan
        68   -4238.658300     843.975740            nan            nan
        69   -4242.774400     848.083960            nan            nan
        70   -4241.487700     846.461180            nan            nan
        71   -4238.252100     843.816950            nan            nan
        72   -4241.045900     846.321660            nan            nan
        73   -4243.736600     848.809110            nan            nan
        74   -4240.648400     845.994980            nan            nan
        75   -4243.795600     849.113100            nan            nan
        76   -4237.360600     842.755510            nan            nan
        77   -4242.085400     847.591470            nan            nan
        78   -4239.989700     845.312820            nan            nan
        79   -4244.279100     849.592900            nan            nan
        80   -4239.971100     845.199180            nan            nan
        81   -4243.260200     848.213000            nan            nan
        82   -4237.608400     843.204910            nan            nan
        83   -4243.794600     849.214340            nan            nan
        84   -4239.846100     845.524190            nan            nan
        85   -4237.531100     842.708360            nan            nan
        86   -4243.175700     848.645220            nan            nan
        87   -4240.893700     846.420540            nan            nan
        88   -4237.829400     843.343140            nan            nan
        89   -4239.027600     844.382570            nan            nan
        90   -4237.043600     842.261020            nan            nan
        91   -4240.590400     846.020640            nan            nan
        92   -4239.261400     844.651510            nan            nan
        93   -4240.717300     846.160940            nan            nan
        94   -4235.016300     840.568980            nan            nan
        95   -4238.165600     843.442260            nan            nan
        96   -4239.078900     844.156480            nan            nan
        97   -4245.026800     850.058980            nan            nan
        98   -4239.586400     844.726980            nan            nan
        99   -4236.707100     841.935160            nan            nan
       100            nan            nan            nan            nan
