# Cycle: 34993, status: ACC, move: ('wf', 9000, 5, 189)
#     Time      Potential        Kinetic
         0            nan            nan            nan            nan
         1            nan            nan            nan            nan
         2            nan            nan            nan            nan
         3            nan            nan            nan            nan
         4            nan            nan            nan            nan
         5            nan     843.100000            nan            nan
         6   -4217.657700     833.960980            nan            nan
         7   -4226.050900     842.124800            nan            nan
         8   -4229.359100     845.657910            nan            nan
         9   -4230.753300     846.295360            nan            nan
        10   -4224.334700     840.491970            nan            nan
        11   -4227.224300     843.370390            nan            nan
        12   -4232.594000     848.162810            nan            nan
        13   -4230.186300     846.180300            nan            nan
        14   -4226.536500     842.407120            nan            nan
        15   -4228.848500     844.986310            nan            nan
        16   -4238.019700     853.912990            nan            nan
        17   -4231.237400     847.207970            nan            nan
        18   -4225.727600     841.743240            nan            nan
        19   -4239.506100     855.412340            nan            nan
        20   -4230.366200     846.215040            nan            nan
        21   -4238.731600     854.294900            nan            nan
        22   -4236.468500     852.398790            nan            nan
        23   -4227.843200     843.838760            nan            nan
        24   -4233.037000     848.963770            nan            nan
        25   -4224.087500     840.215850            nan            nan
        26   -4230.559700     846.654930            nan            nan
        27   -4226.875100     843.043720            nan            nan
        28   -4233.569000     849.313860            nan            nan
        29   -4226.312000     842.497760            nan            nan
        30   -4232.483900     848.459560            nan            nan
        31   -4229.039400     845.082160            nan            nan
        32   -4232.920500     848.853370            nan            nan
        33   -4230.658300     846.388850            nan            nan
        34   -4235.666000     851.864320            nan            nan
        35   -4235.371500     851.311870            nan            nan
        36   -4231.178300     847.060560            nan            nan
        37   -4229.282400     845.145720            nan            nan
        38   -4230.327000     846.321320            nan            nan
        39   -4229.613200     845.617280            nan            nan
        40   -4227.361100     843.263280            nan            nan
        41   -4232.081100     847.729280            nan            nan
        42   -4229.040500     845.112090            nan            nan
        43   -4236.885300     852.679310            nan            nan
        44   -4236.095400     852.114310            nan            nan
        45   -4239.893700     855.739890            nan            nan
        46   -4237.725600     853.610180            nan            nan
        47   -4230.222300     846.308920            nan            nan
        48   -4230.950400     846.640950            nan            nan
        49   -4227.544700     843.457540            nan            nan
        50   -4224.783200     840.973650            nan            nan
        51   -4233.424900     849.401720            nan            nan
        52   -4234.636000     850.514630            nan            nan
        53   -4233.536200     849.370200            nan            nan
        54   -4234.727300     850.585530            nan            nan
        55   -4234.946700     850.791140            nan            nan
        56   -4230.200500     846.366340            nan            nan
        57   -4233.421300     849.280310            nan            nan
        58   -4235.160100     850.567250            nan            nan
        59   -4228.568400     844.601070            nan            nan
        60   -4224.988900     841.038470            nan            nan
        61   -4227.926700     843.895660            nan            nan
        62   -4227.732200     843.898370            nan            nan
        63   -4236.568100     852.525050            nan            nan
        64   -4233.792700     849.732140            nan            nan
        65   -4230.151100     846.224860            nan            nan
        66   -4232.763300     848.853850            nan            nan
        67   -4228.076700     844.178610            nan            nan
        68   -4234.377100     850.386790            nan            nan
        69   -4230.338500     846.471680            nan            nan
        70   -4228.540500     844.713590            nan            nan
        71   -4231.039200     847.145400            nan            nan
        72   -4232.480600     848.377130            nan            nan
        73   -4238.415900     853.979380            nan            nan
        74   -4238.631000     854.226270            nan            nan
        75   -4233.171500     849.221140            nan            nan
        76   -4226.700600     843.051740            nan            nan
        77   -4235.440300     851.143290            nan            nan
        78   -4232.804100     848.604780            nan            nan
        79   -4229.538100     845.366600            nan            nan
        80   -4229.917000     846.037890            nan            nan
        81   -4234.205700     850.119480            nan            nan
        82   -4234.464700     850.308540            nan            nan
        83   -4226.179200     842.327970            nan            nan
        84   -4232.147100     847.832790            nan            nan
        85   -4227.397100     843.568260            nan            nan
        86   -4234.660300     850.326610            nan            nan
        87   -4232.410600     848.273870            nan            nan
        88   -4229.600400     845.735250            nan            nan
        89   -4229.053500     844.851790            nan            nan
        90   -4226.658300     842.900450            nan            nan
        91   -4235.954900     851.624320            nan            nan
        92   -4235.245100     850.970330            nan            nan
        93   -4228.962000     845.101140            nan            nan
        94   -4241.422900     856.995870            nan            nan
        95   -4233.003300     849.200670            nan            nan
        96   -4238.675300     854.468620            nan            nan
        97   -4234.242000     850.044520            nan            nan
        98   -4227.891500     844.215070            nan            nan
        99   -4235.752800     851.406280            nan            nan
       100   -4227.433300     843.422740            nan            nan
       101   -4229.123700     845.026530            nan            nan
       102   -4237.286400     852.989160            nan            nan
       103   -4231.829700     848.014430            nan            nan
       104   -4230.604100     846.458590            nan            nan
       105   -4221.662200     837.666660            nan            nan
       106   -4233.282700     849.220630            nan            nan
       107   -4228.229900     844.073860            nan            nan
       108   -4231.066200     847.082840            nan            nan
       109   -4234.521600     850.338320            nan            nan
       110   -4230.120200     845.905730            nan            nan
       111   -4228.820400     844.964740            nan            nan
       112   -4221.437100     837.465370            nan            nan
       113   -4231.476500     847.086130            nan            nan
       114   -4223.475900     839.508200            nan            nan
       115   -4229.862700     846.094340            nan            nan
       116   -4231.889400     847.630020            nan            nan
       117   -4221.505900     838.028300            nan            nan
       118   -4234.866000     850.932110            nan            nan
       119   -4232.173500     848.195910            nan            nan
       120   -4231.273700     847.111330            nan            nan
       121   -4230.600200     846.660290            nan            nan
       122   -4224.949300     841.045370            nan            nan
       123   -4229.457300     845.504720            nan            nan
       124   -4233.992900     849.696070            nan            nan
       125   -4221.799100     838.004380            nan            nan
       126   -4230.741700     846.806480            nan            nan
       127   -4230.701000     846.662120            nan            nan
       128   -4239.140700     854.836050            nan            nan
       129   -4232.884300     849.005790            nan            nan
       130   -4235.004500     850.816930            nan            nan
       131   -4229.446900     845.241850            nan            nan
       132   -4231.088900     847.129010            nan            nan
       133   -4235.678500     851.468310            nan            nan
       134   -4228.847200     844.914700            nan            nan
       135   -4236.729900     852.537100            nan            nan
       136   -4228.578400     844.716180            nan            nan
       137   -4233.904100     849.659870            nan            nan
       138   -4231.091100     846.983850            nan            nan
       139   -4229.457400     845.747090            nan            nan
       140   -4234.833100     850.688670            nan            nan
       141   -4237.055500     852.763140            nan            nan
       142   -4237.634200     853.550590            nan            nan
       143   -4231.206700     847.350330            nan            nan
       144   -4226.095600     841.963510            nan            nan
       145   -4233.795300     849.640340            nan            nan
       146   -4235.891700     851.401380            nan            nan
       147   -4225.510300     841.590190            nan            nan
       148   -4228.405000     844.277850            nan            nan
       149   -4238.651500     854.223040            nan            nan
       150   -4229.946900     846.192020            nan            nan
       151   -4233.422200     849.312070            nan            nan
       152   -4225.262300     841.183740            nan            nan
       153   -4225.853900     841.939310            nan            nan
       154   -4233.023100     848.800270            nan            nan
       155   -4234.041800     849.905480            nan            nan
       156   -4231.640800     847.728180            nan            nan
       157   -4235.004500     851.034950            nan            nan
       158   -4230.559300     846.586500            nan            nan
       159   -4230.189600     846.067760            nan            nan
       160   -4231.318200     847.311670            nan            nan
       161   -4231.019500     846.821660            nan            nan
       162   -4234.589600     850.432220            nan            nan
       163   -4225.341300     841.482000            nan            nan
       164   -4226.006500     841.915260            nan            nan
       165   -4229.641300     845.633130            nan            nan
       166   -4228.694400     844.302060            nan            nan
       167   -4235.199000     850.789180            nan            nan
       168   -4228.723200     844.870710            nan            nan
       169   -4228.741000     844.641180            nan            nan
       170   -4234.529700     850.306690            nan            nan
       171   -4232.696100     848.436100            nan            nan
       172   -4228.414300     844.294100            nan            nan
       173   -4229.686000     845.700450            nan            nan
       174   -4229.121400     844.787940            nan            nan
       175   -4225.569500     841.680430            nan            nan
       176   -4230.555700     846.342720            nan            nan
       177   -4225.526600     841.813520            nan            nan
       178   -4230.514700     846.559290            nan            nan
       179   -4233.809800     849.663530            nan            nan
       180   -4232.199600     847.862980            nan            nan
       181            nan            nan            nan            nan
       182            nan            nan            nan            nan
       183            nan            nan            nan            nan
       184            nan            nan            nan            nan
       185            nan            nan            nan            nan
       186            nan            nan            nan            nan
       187            nan            nan            nan            nan
       188            nan            nan            nan            nan
