# step	order
0 -4.943071321942543	14	5.0	4.86871661096319	9.86871661096319	7.382731985723979	20	16	4.702954029301727	0.6786685972939013	0.9542341469372088
1 -4.538428333983968	14	5.0	4.922234650080463	9.922234650080462	6.889008172723673	20	16	4.715707822601028	0.6464707285007814	0.9327682409475254
2 -4.134529246772357	14	5.294916989401159	4.618744086801846	9.913661076203006	7.222750792970789	20	16	4.774115971224628	0.6326899595021631	0.9264749765831909
3 -4.206824175333689	14	5.197503406905113	4.853120316969525	10.050623723874638	7.519953947975629	20	16	4.666980869377371	0.6371161159605454	0.9181081557675603
4 -4.4777363252629145	14	5.001222521184738	4.906972379479216	9.908194900663954	7.497794389171384	20	16	4.691746232573786	0.641572183720547	0.9266449967938812
5 -4.300401325197738	14	5.095121284508391	4.742601440395205	9.837722724903596	7.064866691463602	20	16	4.7580810040370665	0.6352880829685456	0.927851167251862
6 -4.3062210029724275	14	5.036988945662422	4.617066780814648	9.65405572647707	7.373393552716076	20	16	4.738776946244259	0.6468908118486316	0.923550635901802
7 -4.489214146031823	14	5.000287016769357	4.645997846913763	9.64628486368312	7.0884099712994875	20	16	4.706603245819713	0.6540999673620013	0.944083365701559
8 -4.506765005042977	14	5.0	4.891311792650093	9.891311792650093	6.749435307698661	20	16	4.711744117782999	0.6671670156369272	0.945691449847631
9 -4.230219650344768	14	5.169085338295238	4.766556541762705	9.935641880057943	7.126731629791262	20	16	4.717886498803353	0.6657908237185518	0.9431030578002613
10 -3.9752173983886485	14	5.538889102845943	5.134719414236196	10.673608517082139	7.35181297617291	20	16	4.6816243395519885	0.6534923688331713	0.9242427953328366
11 -3.882796572229095	14	5.669054083782926	4.796354857658146	10.465408941441073	7.353691642288755	20	16	4.719916106468469	0.6534303316510307	0.94361022190163
12 -4.33884545920736	14	5.06272322381735	4.926730359977625	9.989453583794974	7.246281195775294	20	16	4.66902760087475	0.6777201753925156	0.946830059745693
13 -4.322145005114351	14	5.076040239550056	4.726975975296888	9.803016214846945	6.745296271065628	20	16	4.647456424576328	0.6761984238120455	0.9218123169151514
14 -3.9447952836577556	14	5.58628131165842	4.784069713160128	10.370351024818547	6.317726868320239	20	16	4.622692123883963	0.6583537794288457	0.918796758549572
15 -4.414697895657248	14	5.0122574869332315	4.571312390054164	9.583569876987395	6.63014950130368	20	16	4.680188658521477	0.6629871220947355	0.9373655090263091
16 -4.0641960372204675	14	5.399843297478576	4.6045022666231326	10.004345564101708	5.669896517381326	20	16	4.674992429107679	0.6521635517943336	0.9540451189944495
17 -3.891504909088083	14	5.645154796086674	5.0	10.645154796086674	6.260102593476462	20	16	4.648451441765837	0.6388805311736456	0.9512930704303937
18 -4.422425832594225	14	5.014774862137729	4.92471183991567	9.939486702053399	6.8315548385939255	20	16	4.619022913391555	0.6487492925190209	0.9435356436003478
19 -4.605979937154898	14	5.0	4.8413501893117665	9.841350189311767	6.921012465311018	20	16	4.70840516608307	0.6349131270019144	0.9378799360105937
20 -4.234072544472499	14	5.164572697044548	4.681912535539485	9.846485232584033	6.707624045162824	20	16	4.655802555786064	0.6207487634007384	0.9534843476942482
21 -4.277678194727789	14	5.117078345034994	5.06146656022648	10.178544905261473	6.88989886024685	20	16	4.603902301079671	0.644616183610497	0.9731313176266968
22 -4.271897775712972	14	5.122979759373199	4.99653480932505	10.11951456869825	6.77467061081753	20	16	4.638852271364211	0.6607375493856387	0.945211301373331
23 -4.27471214807215	14	5.12009082494113	4.981179892476333	10.101270717417464	6.347174550944579	20	16	4.671993130445466	0.665414494122532	0.926550687973431
24 -4.223108803471119	14	5.177540620147504	5.0	10.177540620147504	6.623432650373866	20	16	4.657129657495896	0.65762315567473	0.9285950832174366
25 -4.40970620508568	14	5.019982113817393	4.927432998099428	9.94741511191682	6.912101474630419	20	16	4.654897352515613	0.6492057409151105	0.9311417679103389
26 -4.386150120897031	14	5.0316424494353384	4.881912567391675	9.913555016827013	6.892408047837786	20	15	4.609601012284663	0.6633163005560434	0.9443630760439135
27 -4.37112610510151	14	5.040423052563437	4.505001003766197	9.545424056329633	6.629859446771436	20	16	4.587117248922417	0.6649439818962973	0.9461791351980864
28 -4.500466994946026	14	5.0	4.778800728040849	9.77880072804085	6.51754419918313	20	16	4.606417699308232	0.6716159890595661	0.9421132697280643
29 -4.322640586078533	14	5.075628074184371	4.708396226224604	9.784024300408975	6.461166234597684	20	16	4.656299426562468	0.6461040570990996	0.9309280291171405
30 -4.239031259148231	14	5.158837298031291	4.73750723378973	9.896344531821022	6.782117252977327	20	16	4.708908699776304	0.63054546764216	0.9400131185760475
31 -4.0548736773559835	14	5.414230929055897	4.9823744082998145	10.396605337355712	6.531038292962742	20	16	4.670391550467457	0.6182663694491441	0.9458430083811086
32 -4.115519342090449	14	5.322499696548048	4.878190570967848	10.200690267515895	6.730689079016539	20	16	4.696393764276446	0.6224843136741173	0.9404311597399874
33 -4.224381843764656	14	5.176014940018706	4.823830801062383	9.999845741081089	6.904139384670982	20	16	4.62001391893472	0.6390004762442358	0.9673367691292122
34 -4.407138594196433	14	5.021126517529016	4.888510056497015	9.909636574026031	7.397175030427864	20	16	4.605854588804765	0.6566866001338151	0.9441158937854116
35 -4.445538320675994	14	5.0073006594746765	4.8418632942210005	9.849163953695676	7.151422666345093	20	15	4.643476907296247	0.667036211214002	0.9270559314928452
36 -4.2851750787057306	14	5.109612905514071	4.9036428236358125	10.013255729149883	7.403900695077112	20	16	4.684690229748963	0.6650468531325959	0.9323924636747639
37 -4.172231358689724	14	5.222189464662689	4.979617434303067	10.201806898965756	6.823482378544032	20	16	4.651196571051777	0.6473297534580377	0.934466719637912
38 -4.33486397498668	14	5.065790145894306	4.76120399164481	9.826994137539117	6.6751205761330885	20	16	4.672707060023852	0.650278966478279	0.9529670909557844
39 -4.344857203765685	14	5.058222187851952	5.0015411662110845	10.059763354063037	6.6048719803465445	20	16	4.659793533797939	0.6495764264695603	0.9449815026310037
40 -4.369083633710179	14	5.041685754474118	5.17335330120134	10.215039055675458	6.553262280946977	20	16	4.647749787691562	0.6436276678265084	0.9597015349952098
41 -4.3873167361813	14	5.03100404654377	4.681049055081099	9.712053101624868	6.604515647237434	20	16	4.670042567437594	0.6374625159851127	0.9157546467046418
42 -4.448460638481394	14	5.006539865269751	4.520032155410672	9.526572020680423	6.230570059049873	20	16	4.714200990111742	0.6322226705464816	0.9253987590567655
43 -4.098041290797326	14	5.348420556759047	4.645825731308279	9.994246288067327	6.6768799329024455	20	16	4.655168333690495	0.6421723984806497	0.9356431143551402
44 -4.523062792741593	14	5.0	4.558085888716043	9.558085888716043	7.007954992646646	20	16	4.651689411194399	0.6629500505830284	0.9356473858754979
45 -4.499218538476244	14	5.000001506796961	4.717585931601189	9.71758743839815	7.059859211383295	20	15	4.610832295369658	0.6827543073393911	0.9384443465227791
46 -4.156483087792114	14	5.263978793935241	4.552168356679786	9.816147150615027	6.913812633593548	20	16	4.631218167370774	0.6798701062943702	0.9436661529858382
47 -4.275335342487365	14	5.11945512841089	4.854555020271736	9.974010148682627	6.2018620343281885	20	16	4.661134561411221	0.6639744288226533	0.9538690018060093
48 -4.178014911277785	14	5.2347245533331	4.936613379873999	10.171337933207099	6.652252629839291	20	16	4.658668229530683	0.6501485162054861	0.9385190265740835
49 -4.028868849888143	14	5.454715057632091	4.711776467371106	10.166491525003197	6.838653991048519	20	16	4.683823312787501	0.6460952171358946	0.931426096850389
50 -4.110287131482594	14	5.318250009851109	4.905516548574674	10.223766558425783	7.168169489352339	20	16	4.656918756343047	0.6549391329393822	0.9598487811708999
51 -4.413914671295259	14	5.017738443471119	4.972467502341556	9.990205945812676	7.616445513647683	20	16	4.657274064775422	0.6539989590649671	0.946857989928391
52 -4.5066719827042645	14	5.0	4.5649253468966435	9.564925346896644	7.31398196894579	20	16	4.6865018902765625	0.6531821252323345	0.9467985840138837
53 -4.400496898959712	14	5.024231125228961	4.643935342190319	9.66816646741928	6.832712158316993	20	16	4.662877175347764	0.6680755114524817	0.9553137347600908
54 -4.406452791424518	14	5.021437460791754	4.635735993677779	9.657173454469532	6.606628818062821	20	16	4.666924054199093	0.6754581949763844	0.9588207483955561
55 -4.286688358474892	14	5.108132107622309	4.704605323214045	9.812737430836354	6.5039477711095435	20	16	4.68409960587979	0.6832763162368011	0.9535416962037131
56 -4.38398753950929	14	5.032842505141211	4.601156723060388	9.6339992282016	6.873049600118458	20	16	4.658182650597065	0.6809070544564032	0.9312648480941299
57 -4.293327154189351	14	5.1017409094087665	4.927476426830577	10.029217336239343	7.740654900882631	20	16	4.604897891724332	0.6841194089433101	0.9295906294271437
58 -4.2409234010728145	14	5.156670537941524	4.985497629286817	10.142168167228341	7.079108239562327	20	16	4.618693934462952	0.6912624640076246	0.9349689540638036
59 -4.390118338083505	14	5.029496681727406	4.492960413747337	9.522457095474742	6.356248620146786	20	16	4.664713370639628	0.693409705364747	0.9437085636304536
60 -4.323523178211722	14	5.074896586852053	4.652864616024521	9.727761202876575	6.7081222441347	20	16	4.694099899845386	0.6804729331489758	0.9698025536318496
61 -4.136154933600365	14	5.2925907423563485	4.74287426143458	10.035465003790929	7.048456273574205	20	16	4.667645015889775	0.6695440382205265	0.9560831317437493
62 -4.161525193845134	14	5.257026507821154	4.634658685460687	9.891685193281841	7.226658298789536	20	17	4.6650272194246565	0.6680909646662562	0.9372778350116032
63 -4.481647453566346	14	5.000830829877	4.6140605572874795	9.61489138716448	7.25735885314055	20	16	4.6434303058764606	0.6584912164545446	0.9436310768333641
64 -4.691364293293915	14	5.0	4.681219546608891	9.68121954660889	6.337473191146383	20	16	4.683135715909331	0.671544701388542	0.9448435760901984
65 -4.8241930046178565	14	5.0	4.222337985802193	9.222337985802193	6.741501916910257	20	15	4.628247007491032	0.6723619485145934	0.9327541951200432
66 -4.440025198676629	14	5.008848959249572	4.417666782609203	9.426515741858775	6.87343035864039	20	15	4.643068707892949	0.6757852113351369	0.9457664633196002
67 -4.192504056865863	14	5.2157138323710335	4.737635077264978	9.953348909636011	6.498508959225114	20	16	4.6266211776638295	0.6681692111959489	0.9376745652724199
68 -4.12870684812887	14	5.3032919031933226	4.862825571550946	10.166117474744269	6.948517801358459	20	16	4.655936454695954	0.6581551937596793	0.93848936233885
69 -4.010307603037043	14	5.483811684569716	4.975059188349412	10.458870872919128	7.092009076724545	20	15	4.606268143805701	0.6559830365428352	0.9279866900883824
70 -4.3659524412153425	14	5.043684739587988	4.779819778142941	9.823504517730928	6.917368082756024	20	15	4.6446686097353584	0.6661132945353286	0.9225695943676532
71 -4.3413219105888965	14	5.060850102656008	4.663151050751732	9.724001153407741	7.085773274039223	20	15	4.659573809856316	0.6509890514846176	0.932393902049869
72 -4.54560452423373	14	5.0	4.579669756320902	9.579669756320902	7.236816844291447	20	15	4.691670893026228	0.6699463710827288	0.9126342809120649
73 -4.590227494710413	14	5.0	4.697534911368709	9.69753491136871	7.23821449294286	20	15	4.705564303299072	0.6576866903321121	0.9002822234707337
74 -4.273639034068463	14	5.121188878387905	4.491208975647838	9.612397854035743	7.261294145568222	20	15	4.6844800302105005	0.6437875976481748	0.9353257480249494
75 -4.292590010818732	14	5.102442061192186	4.538853531348697	9.641295592540883	7.067107199753039	20	15	4.655819223336815	0.6580502272182975	0.9310530329875153
76 -4.479839872333508	14	5.001002492497343	4.562916082016522	9.563918574513865	6.979452520537249	20	15	4.658089014655217	0.6653165217867906	0.9348256668121216
77 -4.364285305169304	14	5.0447614924396085	4.656070928892929	9.700832421332539	6.982027103270475	20	15	4.670109142667915	0.6558609561628896	0.9259383385725832
78 -4.505465747723609	14	5.0	4.615547117063016	9.615547117063016	7.029844838881732	20	15	4.689832234951542	0.6509696994897319	0.9374993001047655
79 -4.3145087980731605	14	5.080537153803537	4.979631821667928	10.060168975471464	7.655515202947245	20	15	4.665997742283752	0.6556392251173854	0.9354018010251604
80 -4.354606103151601	14	5.051258760161531	4.762612945249263	9.813871705410794	6.814107721377654	20	15	4.642075246231077	0.6670919619518895	0.9423408666558828
81 -4.283202613832009	14	5.1115562727261175	4.51689349060079	9.628449763326907	6.6389296635053086	20	16	4.665248027756438	0.6809716835881766	0.9464137029451055
82 -4.299131943494543	14	5.096294474661355	4.8364153199078865	9.932709794569242	6.691976709016293	20	15	4.685209887529935	0.6688487167181483	0.9405785979025004
83 -4.224465860903917	14	5.17591443137103	4.8045360843698575	9.980450515740888	6.453457396627267	20	15	4.6984775120415465	0.6600183265084082	0.9394109471319387
84 -4.3516647881610595	14	5.051187380705377	4.586933244421033	9.63812062512641	6.749548804777501	20	15	4.71419619255076	0.6590087484660884	0.9518253031542321
85 -4.481545680207469	14	5.0008400675104046	4.565650540189054	9.566490607699459	6.884059224254988	20	15	4.697524513056466	0.6676070300861269	0.9233681848406559
86 -4.469800752776035	14	5.002248568935754	4.344606417104503	9.346854986040256	6.722320789362627	20	15	4.6738491221458744	0.6618386170690048	0.9335566701228195
87 -4.16361239030743	14	5.254166328248481	4.54544321994495	9.79960954819343	6.346485340326672	20	15	4.6697691882501715	0.6477176283368774	0.9600205788983549
88 -4.121747367592999	14	5.313388497805326	4.671623101699469	9.985011599504794	7.233205133733758	20	15	4.686973082845738	0.6437845718464753	0.9645905456115627
89 -4.127505869506259	14	5.303482805420769	5.178826701432213	10.482309506852982	7.5379301011285476	20	15	4.677334511278176	0.6578112571286868	0.9619377711668109
90 -4.333661838590675	14	5.066729521325511	5.009056379151757	10.075785900477268	7.808364230640754	20	15	4.669698768400337	0.6822605539409097	0.961359986500583
91 -4.3183522772055225	14	5.079228533860268	4.995002955349827	10.074231489210096	7.568091552482326	20	15	4.694676843587419	0.6780448721119027	0.9563194587063987
92 -4.233374030128961	14	5.165387192998816	4.818293139295069	9.983680332293886	6.512217762162634	20	15	4.7013484389334055	0.6883155440526826	0.9556811915649949
93 -3.9154755521913502	14	5.631215857827279	4.969666758981189	10.600882616808468	6.635928888132604	20	15	4.671220605517911	0.6783072831435599	0.9528777130063343
94 -4.3059407547624104	14	5.090077224232088	4.99998124806727	10.090058472299358	7.132438269808228	20	15	4.618514127353606	0.6954885665987578	0.9519847824180475
95 -4.284878084962855	14	5.109904561226564	5.0	10.109904561226564	7.074721843513092	20	15	4.648881842868102	0.6874273453797659	0.9340747519888921
96 -4.21036847645826	14	5.193089335725887	4.761540848981343	9.95463018470723	7.1881795093881795	20	15	4.659620467944332	0.682272582851549	0.9294178643332833
97 -3.7721999722954633	14	5.828055890871583	5.0	10.828055890871582	7.090348853024798	20	15	4.62690511107505	0.6495042362060685	0.9056094438075724
98 -3.9148360934983812	14	5.63218484603162	4.956997981888528	10.589182827920148	6.42184802120498	20	15	4.693395209491766	0.6398033525844798	0.933991983559081
99 -4.261240903866324	14	5.134184135143736	4.882050563972586	10.016234699116321	6.880008847418904	20	15	4.692569729657218	0.6390979307319217	0.9465024569984577
100 -4.069992709096094	14	5.390939556041527	4.999997890484945	10.390937446526472	6.72828162071072	20	15	4.672995692645599	0.6697678838558071	0.9505476662774986
101 -3.9590034464113595	14	5.564219346332106	4.93421061058358	10.498429956915686	6.947522749273111	20	15	4.675698755017327	0.6756463395742341	0.9365946221771542
102 -4.268698814802106	14	5.126299248306896	4.848458566534856	9.974757814841752	6.499583898213304	20	15	4.662773449372105	0.6903685922149179	0.9328397811816797
103 -4.142283384536714	14	5.283870487345402	4.952999711104969	10.23687019845037	6.856436952447326	20	16	4.655227824454152	0.6716624424431169	0.9475446556665225
104 -4.168026136546197	14	5.248152931490335	4.44402128841047	9.692174219900805	6.8415596504251175	20	16	4.697041147196045	0.6680040156132551	0.9522596381043612
105 -3.895445122449565	14	5.661297051190141	4.588870019555719	10.25016707074586	6.910956021570826	20	15	4.700346137972662	0.6559468688279237	0.9483123640684071
106 -4.160847464555379	14	5.257957483652612	4.570556960290325	9.828514443942938	6.42019620325465	20	15	4.709389820027721	0.6422868573872232	0.9434762893702264
107 -4.104089855128309	14	5.33939452414883	4.725654606217667	10.065049130366496	6.833909276583733	20	15	4.646387050670293	0.6528129893490835	0.9206904202971578
108 -4.267113182600468	14	5.127958634434884	4.795575389164185	9.923534023599068	6.4027992307528345	20	15	4.708401289950487	0.6651132583406711	0.8992282047807265
109 -4.305752668764995	14	5.090246462961775	4.965212559872912	10.055459022834686	7.10718046727879	20	14	4.678884450503795	0.6927088488780292	0.9221268216517537
110 -4.337814652408108	14	5.063510706226197	4.821401731720995	9.884912437947191	7.14203413685042	20	14	4.651401527598398	0.6750994260390121	0.9407758018708877
111 -3.8947777199281917	14	5.66228900164435	4.875730962406747	10.538019964051097	6.731263725007213	20	15	4.6640658465448235	0.6593232007646437	0.9415930156386189
112 -3.9975801631704377	14	5.5038010341911585	4.702354189220943	10.2061552234121	6.725513400590348	20	15	4.709924680130628	0.6237226631677393	0.9470201877655997
113 -4.144236082890336	14	5.281108643049812	4.252039410153593	9.533148053203405	6.987644729472308	20	15	4.731951985946312	0.643193460842364	0.9199990292110943
114 -4.001411509648113	14	5.497782813095911	4.479167290515075	9.976950103610985	6.708394875614304	20	15	4.703646639918141	0.656634554512291	0.9246832920278167
115 -3.8870637566409565	14	5.67370126092435	4.9656545677085004	10.639355828632851	6.999432211747223	20	15	4.661072396291927	0.6587867924540717	0.9179464627464136
116 -4.0859276580628	14	5.366658520994708	4.84801886006202	10.214677381056728	7.330857716874881	20	15	4.660358160190214	0.6388662749273475	0.8983138535180635
117 -4.244267615429757	14	5.152870673879892	4.730815810168096	9.883686484047988	6.998525989892549	20	15	4.657083604072612	0.6397185938855008	0.8870168114538289
118 -4.1689925848802	14	5.246842640585339	4.928520034819454	10.175362675404791	7.341534158075207	20	15	4.676586157488184	0.6569045042255878	0.9234086017173605
119 -4.1711423409359565	14	5.243936431922999	4.985717142607808	10.229653574530808	6.648055456677222	20	15	4.680245744076447	0.648524991449202	0.9335799979147309
120 -4.331444213593254	14	5.068478626419044	4.98107602610284	10.049554652521884	6.89973154831513	20	15	4.617941747944339	0.6521687511618183	0.932797614848795
121 -4.205400850527055	14	5.199286600443439	4.990981152594104	10.190267753037542	6.172970138163933	20	16	4.649880462608026	0.6663871357336149	0.9593046123634681
122 -3.889304344949008	14	5.67039668572924	4.993958199209596	10.664354884938835	5.899021473426887	20	15	4.641429258986017	0.6388801737017115	0.9588415772424941
123 -4.189136231317817	14	5.220081531234256	4.939109033571371	10.159190564805627	6.866916171082362	20	15	4.691936229273583	0.6523456911680259	0.9355110831074129
124 -4.270457995413142	14	5.1244690942402755	4.668363454456641	9.792832548696916	6.643928437543721	20	15	4.695690648695297	0.6523127084232277	0.9175760719021393
125 -3.897254214059977	14	5.6586046716139435	4.749322143316744	10.407926814930686	6.525343054900819	20	15	4.644881519031924	0.6194310822361071	0.9186075482443029
126 -4.134251313161467	14	5.295315230586257	4.7830882857515515	10.078403516337808	6.515255748099186	20	15	4.688277175095059	0.6245060535244328	0.9323157483259877
127 -4.145854893799041	14	5.272164901743704	4.980457272691465	10.252622174435169	6.031666766374101	20	15	4.656451681590459	0.644252934804467	0.9096823265210524
128 -4.189661399228358	14	5.219398371698859	4.956197374806969	10.175595746505827	6.598979251487848	20	15	4.62339425237545	0.6451320717075719	0.8989122940923774
129 -4.065541850822556	14	5.397773046589125	4.9726606986716275	10.370433745260753	6.379382164905285	20	15	4.63086869236092	0.6307328762312411	0.9098488199261194
130 -4.123278731944773	14	5.311159019123875	4.639690096922466	9.950849116046342	6.718503639997722	20	14	4.677004393562029	0.6299205215854715	0.9095167027565267
131 -4.244798140827705	14	5.152271374887849	4.664181639206998	9.816453014094847	7.205948429341684	20	15	4.644756103664592	0.6481043101864954	0.9245222587998692
132 -4.257503939920936	14	5.13821083859741	5.0195254179705655	10.157736256567976	6.91321202270664	20	15	4.622554392392048	0.6338937762260923	0.9330532679605166
133 -4.336923789363972	14	5.064194966743198	4.929455753222176	9.993650719965373	6.319172549895363	20	15	4.667269310184087	0.6466262236873471	0.9382600108319769
134 -4.319552792743311	14	5.0782128568334635	4.839337730093757	9.91755058692722	6.740262956970511	20	15	4.603375381366965	0.6374111095352873	0.9196749557472738
135 -4.32209645118701	14	5.076080676228823	4.6761461321939795	9.752226808422803	6.995340430790038	20	15	4.621692827434749	0.6535208652907287	0.9144286292842294
136 -4.428396618145156	14	5.012597219789931	4.904322107314268	9.9169193271042	6.871275669510599	20	15	4.6292818273539975	0.6655923441784437	0.923984855364171
137 -4.232912069909891	14	5.165926742749718	4.867652516138255	10.033579258887974	7.000472020811259	20	15	4.565688634309539	0.6656512650756807	0.9442944097042979
138 -4.3238640116169025	14	5.074614980509844	4.905001314919193	9.979616295429038	6.473119342128845	20	15	4.631903283869828	0.6662770312992737	0.9562936708552122
139 -4.374954384911764	14	5.038087658525759	4.993152614821724	10.031240273347482	6.623054012594448	20	15	4.668617273512624	0.6610613304153709	0.9512162399911006
140 -4.288842627381578	14	5.106039365879849	5.000061244450451	10.1061006103303	6.790452649631707	20	15	4.635967326025693	0.6637926576992506	0.9585574911524793
141 -4.257394046396971	14	5.138330010016448	4.966681673563166	10.105011683579614	7.318556402081241	20	15	4.662223711980821	0.6454839236719626	0.9339034709881132
142 -4.4154083324075435	14	5.017552437605815	4.745452931400587	9.763005369006402	6.54062516469139	20	15	4.667499526801755	0.6411849678636671	0.9256170747789266
143 -4.290643480858681	14	5.10430378893297	4.846336874349096	9.950640663282066	7.303024921532746	20	15	4.605505824598162	0.6716131936346587	0.9326911586684364
144 -4.080379078870821	14	5.375078396369105	5.138008047259486	10.513086443628591	6.452589619871598	20	15	4.606579177231697	0.6565199897574397	0.932600786903154
145 -3.9240117370411225	14	5.6182315849419835	4.941795684630197	10.560027269572181	6.938073139215335	20	15	4.662043425215115	0.6454952295602646	0.930034669518563
146 -4.188882473290634	14	5.2204119030289435	4.564502237034805	9.784914140063748	6.568475366067176	20	15	4.684874058452048	0.6361477988232702	0.9258524793329448
147 -4.28149032535898	14	5.1132553986466736	4.57158356532884	9.684838963975514	6.547107320299465	20	15	4.672169177317752	0.654139296758256	0.9446337468438611
148 -4.123110523107151	14	5.311403697816042	4.995995029866223	10.307398727682266	6.984394009247945	20	15	4.640621506950388	0.6662081276230276	0.9285974332100102
149 -4.046479195722967	14	5.4272498179705595	4.987013840236469	10.414263658207028	6.464790073647811	20	15	4.626654520776249	0.6493000316567239	0.9197418036809283
150 -4.145862698908373	14	5.27881428548007	4.903030977002177	10.181845262482248	7.081186202731211	20	15	4.696297186360425	0.6249675477191476	0.9224847397992828
151 -4.020879035172106	14	5.467226801145981	5.003488268347252	10.470715069493233	6.685955753350175	20	15	4.6959345716487855	0.6169633516971543	0.9438750372191931
152 -4.254827451165935	14	5.14112552342478	4.93163699861894	10.07276252204372	6.631676138188349	20	15	4.632975599233057	0.6283768343965133	0.967434882144819
153 -4.237592119795446	14	5.160493383926255	4.881767302290902	10.042260686217157	6.3714734086715765	20	15	4.6236122774640664	0.6489193904615786	0.9526974731094111
154 -4.605411727071178	14	5.0	4.687183682561598	9.687183682561598	6.931444767163636	20	15	4.651578683452449	0.6593159009335362	0.9551414136868286
155 -4.347397938117361	14	5.056367201965552	4.961579301425324	10.017946503390876	6.395532611716765	20	15	4.652124650739597	0.6636913967102487	0.9635016607695761
156 -3.9336510370632163	14	5.603467651250787	4.6553833429641225	10.25885099421491	6.48031326639538	20	15	4.654286154147449	0.6714983444854172	0.9443561191686952
157 -4.212947835662696	14	5.189900893928689	4.964453929084859	10.154354823013549	6.464343382070181	20	15	4.64889054962794	0.6594644838739145	0.9406415209028184
158 -4.009784041813831	14	5.484633682987363	4.833705379073755	10.318339062061117	6.535941198570904	20	15	4.670271260139855	0.6410860886111953	0.9032406095931138
159 -4.032541303571055	14	5.448973230917222	4.835371649451519	10.28434488036874	6.2288018497035615	20	15	4.680197788205921	0.6450905722782531	0.8911962591805346
160 -4.005339802786728	14	5.491612650800022	4.926803125787231	10.418415776587253	6.54870999064458	20	15	4.6201767827556015	0.6375710687062728	0.9104174398495344
161 -3.939108153922218	14	5.595066382349729	5.2391297328719695	10.834196115221697	5.88515330785813	20	15	4.6305061651545705	0.641223975829265	0.9314227047950823
162 -4.211758949810071	14	5.191368002852128	4.730311584989174	9.921679587841302	6.319146407429935	20	15	4.656182143048259	0.6329172305282816	0.9425145765226957
163 -4.206302965080743	14	5.198155698232307	4.890907113265583	10.08906281149789	5.983033083655345	20	15	4.669418105558909	0.6561125673391076	0.9326901289055018
164 -4.174099591388591	14	5.239957700141979	4.941258607393172	10.18121630753515	6.446632090192171	20	15	4.6453902181694495	0.6564863367455044	0.9250594890979712
165 -4.059621462761421	14	5.4068934816353975	4.874334481821858	10.281227963457255	6.467634630914796	20	15	4.650292892023073	0.6644350875543317	0.9392267878269229
166 -4.140114121482096	14	5.286948167153669	4.8972860941585346	10.184234261312204	6.384861587266587	20	15	4.639149471516541	0.6612267191628716	0.9534596205321116
167 -4.04684337760475	14	5.4266838978484735	4.794197819583773	10.220881717432245	6.384643814342837	20	15	4.714263996955313	0.6706249607241317	0.9285584056126714
168 -4.106292888453087	14	5.336121261044564	4.8352058726176494	10.171327133662214	6.872310528140147	20	15	4.65063201397223	0.6538591781901353	0.9143121950747897
169 -4.109720786973614	14	5.331043762865608	4.405444122671671	9.73648788553728	6.515199961410704	20	15	4.633213315353941	0.6698235005660761	0.9088732804312005
170 -4.0792818411065435	14	5.376748012566973	4.562816256096505	9.939564268663478	5.934254408773017	20	15	4.649691761879209	0.6838473535988352	0.9095004790590525
171 -4.21123859681537	14	5.192011484665141	4.65646482505045	9.84847630971559	6.669604053466871	20	15	4.615878572515952	0.6768477629310249	0.9152030942238051
172 -4.3667169673979105	14	5.0406931687597005	4.805678962324491	9.846372131084191	6.288233509183694	20	15	4.658034775780612	0.6604332506671489	0.9113812949435894
173 -4.228862002635187	14	5.17068704772532	4.748963318758504	9.919650366483824	7.002698218070089	20	15	4.614577337058502	0.6487234366163924	0.9050272400197069
174 -4.124349460764874	14	5.3096027625877475	4.392832001838362	9.702434764426108	6.555927861732029	20	15	4.6721079011296744	0.6493826871364407	0.917259554132329
175 -3.9199257376448404	14	5.624457926425306	4.872985047735698	10.497442974161004	6.6413551011864005	20	15	4.690786400664797	0.6357854255326397	0.936807450604783
176 -4.041588281307002	14	5.4348589799303255	4.784261198781529	10.219120178711854	6.678693040579274	20	15	4.683458143129036	0.6527008688782171	0.9136054795596306
177 -4.078187925095742	14	5.378414032099749	4.7279657082322055	10.106379740331954	6.297993966936003	20	15	4.632879449633573	0.6600221878693358	0.9101790363242483
178 -4.092806806474508	14	5.356276065719546	4.865215895186585	10.221491960906132	6.211048511417429	20	15	4.657787003710229	0.6691753328339318	0.9135929800196491
179 -3.9452810448584974	14	5.585529626157326	4.920012634966347	10.505542261123672	6.022853895306605	20	15	4.644826871709111	0.6631383524540777	0.9237018017518102
180 -4.085680283210536	14	5.367033064203554	4.696345392894864	10.063378457098418	6.447393249591043	20	15	4.6612566238075654	0.6365615567559534	0.924236402275962
181 -3.9160952120140764	14	5.630276366107141	4.67284100426074	10.303117370367882	6.435034575069476	20	15	4.674062593600317	0.6408297703035628	0.9171692031821055
182 -3.7652266873413147	14	5.836242803867768	4.6436042227322165	10.479847026599984	6.400588417820865	20	15	4.669878409841531	0.623751741743467	0.919606714711847
183 -4.039959724858949	14	5.431897285993125	4.831296757551906	10.263194043545031	6.891228305361212	20	16	4.6706542474976604	0.6340901985068099	0.9171538601354318
184 -4.036740965029063	14	5.442415492173987	4.812642394454449	10.255057886628435	7.322228438215444	20	16	4.610846471994409	0.6464213343457139	0.9244778422021241
185 -4.239578908917594	14	5.158208921471781	4.481677987885112	9.639886909356893	6.425466616589844	20	15	4.699382630805515	0.6425013577570661	0.9035109146114769
186 -3.7849186630874856	14	5.812721028655281	4.654894015088852	10.467615043744132	6.739099732878482	20	15	4.687164842041754	0.6274306084983127	0.8830297302231803
187 -3.7088285442281586	14	5.896202649713067	4.969762939205846	10.865965588918913	6.836095278029548	20	15	4.689247927908748	0.639099231062323	0.8895160663643542
188 -3.6220857486502	14	5.963672189905982	4.976421131722748	10.94009332162873	6.780077062100494	20	15	4.670215815684449	0.6311854294769731	0.8950772327368207
